   227    52    69    47   108   138    81   163   136   255    25   187   115    31   214   133
   204    99     9    54    92   174   208    46   226    90   125   165    61    68   110    95
   187   141   172    19   142     9   202    11   230   248    49   213   183    66   120   239
    13    58   109   233   190   207   218   185   160    88   229   101   219    84   143   212
    18   164   115   180   108   191   129    88    35   226    25   191    72    38    68   217
    22   124   156   142   109    30   162   169    55   116    11   213   187    89   191    95
   204    38    15    80    31   134   243    98    46   105   142    82    35    31   128   151
   241   200    80    42     6    83   113   160    10    55   197   141   214   226   165   223
   175    25   197   159    74   139    15     5    27    32    79   250    35    24    78   238
    33    75   178   252    81   102   221   233   157    79    45   140   150   238    35   171
   185    60    32    43   167   106   161   204   240   185    86    84    93   102   121    52
    28   135    33    65   244    46    90   190    90   200    53   158   206    12    92   167
    30    23    23   101   239    65   255   208   105   177   130    92   128    87   201    18
   164   103     2    18   117     5    57    98   251     2   232   193   125   188   199   104
    84    26   108   175    61   236   167   158   242   215   161   105   224   203   171   170
   167    28   167   103   195   167   154   147   173   236    25   126    90   139    34   239
   191   200   185   251   194   238    99   135   253   197   100   177   115   175     5   207
   149    74   135   102   189    41    36    70   196    10    13   249   246   228   143   124
   189   154    27   158   190   235     6    63    86    96   128    83    10    14    77   193
    60   246   161    39    27   203   107   115   169   180   110   214   249    77   240   106
   188   110    32    97   174   147    47    58    62   186   255   189    48    11   251   248
   248   177    34    41   118   112   185   205    75    57   207   244   170    50    73   252
   221   194    25   194    54    65    94   252   174    68   124     8   150   184   205   221
    22   110    36   223    25   192   215     7   135   172   228    91   172   184   229    99
    93   167    43    89   210    58   187   137   105   122    35   169    92   224   152   116
    94    28    50   175    44    16   146    22   154   159    99    72   158   149   226    63
   175   239    81    75    41   196    45   205   192    60   237    58   207    18   241   200
   153    47    81   135   170   171   245   253   149    45   234   182     4   236   140   226
   202    68    55   213   228   183    67    17   141   212   182   159    21   204   186   233
    94   204    64   152   132   164   236   240   149   196   158   151   249    73   147   142
    52   124   228    85   179   107    57     4   131   239    87   169   166   139     6   153
    22   196   180    76    39   100    95   175    21    27   239    12    59   252   114    38
   197   101   142   115   244   208    22   200   184    46    31    89   103   183   165   230